<html>
<head><meta charset="utf-8" /></head>
<body>
    <div>                        <script type="text/javascript">window.PlotlyConfig = {MathJaxConfig: 'local'};</script>
        <script src="https://cdn.plot.ly/plotly-2.4.2.min.js"></script>                <div id="3e75f7f8-72c0-4001-b25b-69d59b3cbaa6" class="plotly-graph-div" style="height:100%; width:100%;"></div>            <script type="text/javascript">                                    window.PLOTLYENV=window.PLOTLYENV || {};                                    if (document.getElementById("3e75f7f8-72c0-4001-b25b-69d59b3cbaa6")) {                    Plotly.newPlot(                        "3e75f7f8-72c0-4001-b25b-69d59b3cbaa6",                        [{"colorscale":[[0.0,"#0d0887"],[0.1111111111111111,"#46039f"],[0.2222222222222222,"#7201a8"],[0.3333333333333333,"#9c179e"],[0.4444444444444444,"#bd3786"],[0.5555555555555556,"#d8576b"],[0.6666666666666666,"#ed7953"],[0.7777777777777778,"#fb9f3a"],[0.8888888888888888,"#fdca26"],[1.0,"#f0f921"]],"reversescale":true,"showscale":true,"type":"heatmap","x":["stadium_Yankee Stadium","stadium_AT&amp;T Park","stadium_McAfee Coliseum","stadium_Minute Maid Park","stadium_Kauffman Stadium","stadium_Fenway Park","stadium_Great American Ball Park","stadium_Coors Field","stadium_Nationals Park","stadium_U.S. Cellular Field","stadium_Comerica Park","stadium_Dodger Stadium","stadium_Miller Park","stadium_Oriole Park at Camden Yards","stadium_PETCO Park","home_hand_LHP","home_hand_RHP","away_hand_LHP","away_hand_RHP","winddir_In from CF","winddir_In from RF","winddir_L to R","winddir_Out to CF","winddir_Out to RF","winddir_R to L","weather_clear","weather_dome","weather_drizzle","weather_overcast","weather_partly cloudy","weather_rain","weather_roof closed"],"y":["stadium_Yankee Stadium","stadium_AT&amp;T Park","stadium_McAfee Coliseum","stadium_Minute Maid Park","stadium_Kauffman Stadium","stadium_Fenway Park","stadium_Great American Ball Park","stadium_Coors Field","stadium_Nationals Park","stadium_U.S. Cellular Field","stadium_Comerica Park","stadium_Dodger Stadium","stadium_Miller Park","stadium_Oriole Park at Camden Yards","stadium_PETCO Park","home_hand_LHP","home_hand_RHP","away_hand_LHP","away_hand_RHP","winddir_In from CF","winddir_In from RF","winddir_L to R","winddir_Out to CF","winddir_Out to RF","winddir_R to L","weather_clear","weather_dome","weather_drizzle","weather_overcast","weather_partly cloudy","weather_rain","weather_roof closed"],"z":[[0.9999999999999999,0.03342537052839826,0.03280907746535574,0.032392412772415495,0.03197089314305649,0.03197089314305649,0.03175825203625335,0.03175825203625335,0.03175825203625335,0.03154432276968741,0.031112492711971328,0.031112492711971328,0.031112492711971328,0.027193192377602846,0.025679531633073786,0.0,0.0,0.03591584580417963,0.035915845804179634,0.0,0.0,0.03479511592711358,0.0,0.0,0.0064228526871138196,0.0,0.0,0.012647346369179644,0.0,0.0,0.0,0.0],[0.03342537052839826,0.9999999999999999,0.03202110393898388,0.031609693585456046,0.031193425328202743,0.031193425328202743,0.030983408024791975,0.030983408024791975,0.030983408024791975,0.03077210085509892,0.030345508380932317,0.030345508380932317,0.030345508380932317,0.02646978709666424,0.024970605224562833,0.0,0.0,0.03130673441333825,0.03130673441333825,0.0,0.0,0.0,0.0,0.0,0.0,0.0,0.0,0.0,0.0,0.020578776772713803,0.0,0.0],[0.03280907746535574,0.03202110393898388,0.9999999999999999,0.031011128067166518,0.030598790041338034,0.030598790041338034,0.030390735146719455,0.030390735146719455,0.030390735146719455,0.030181388190111593,0.02975870826545595,0.02975870826545595,0.02975870826545595,0.025915316063422705,0.024426718362392325,0.0,0.0,0.0,0.0,0.0,0.0,0.0,0.005600450857266264,0.0,0.0,0.0,0.0,0.0,0.002692842181102418,0.0,0.0,0.0],[0.032392412772415495,0.031609693585456046,0.031011128067166518,0.9999999999999999,0.030196548253395444,0.030196548253395444,0.029989797740431152,0.029989797740431152,0.029989797740431152,0.02978175320726586,0.029361671301977046,0.029361671301977046,0.029361671301977046,0.02553962348467365,0.024057926960868507,0.0,0.0,0.0,0.0,0.0,0.0,0.0,0.0,0.0,0.0,0.0,0.0,0.01096062879302889,0.0,0.021740638388892553,0.0,0.052517499472785466],[0.03197089314305649,0.031193425328202743,0.030598790041338034,0.030196548253395444,0.9999999999999999,0.02978943087882561,0.029583980684628922,0.029583980684628922,0.029583980684628922,0.029377234074462577,0.028959739792048775,0.028959739792048775,0.028959739792048775,0.025158841138972668,0.0236839043484377,0.0377173571440375,0.0377173571440375,0.0,0.0,0.0,0.010586087409566897,0.018862074959583825,0.0,0.0,0.0,0.0,0.012954252342523315,0.0,0.0,0.0,0.0,0.02335973232012929],[0.03197089314305649,0.031193425328202743,0.030598790041338034,0.030196548253395444,0.02978943087882561,0.9999999999999999,0.029583980684628922,0.029583980684628922,0.029583980684628922,0.029377234074462577,0.028959739792048775,0.028959739792048775,0.028959739792048775,0.025158841138972668,0.0236839043484377,0.018615102243403868,0.018615102243403868,0.05010718225513363,0.05010718225513363,0.0,0.0,0.0,0.0334207500222508,0.0031111250165866793,0.0,0.0022691952705957393,0.0,0.0,0.0,0.0,0.0,0.004632231558663364],[0.03175825203625335,0.030983408024791975,0.030390735146719455,0.029989797740431152,0.029583980684628922,0.029583980684628922,0.9999999999999999,0.0293791788393703,0.0293791788393703,0.02917307920360126,0.028756874194821796,0.028756874194821796,0.028756874194821796,0.024966468316919847,0.023494853075654805,0.019969655368435223,0.019969655368435223,0.0,0.0,0.0,0.0,0.0,0.0,0.0,0.0,0.0,0.0,0.0,0.0,0.017316744009406082,0.0,0.0],[0.03175825203625335,0.030983408024791975,0.030390735146719455,0.029989797740431152,0.029583980684628922,0.029583980684628922,0.0293791788393703,0.9999999999999999,0.0293791788393703,0.02917307920360126,0.028756874194821796,0.028756874194821796,0.028756874194821796,0.024966468316919847,0.023494853075654805,0.0,0.0,0.008029756890112259,0.008029756890112259,0.0,0.0,0.032006906793296035,0.0,0.0,0.0,0.023571907442244598,0.02500517229947238,0.0,0.0,0.0032726027516271406,0.0,0.026496048623856763],[0.03175825203625335,0.030983408024791975,0.030390735146719455,0.029989797740431152,0.029583980684628922,0.029583980684628922,0.0293791788393703,0.0293791788393703,0.9999999999999999,0.02917307920360126,0.028756874194821796,0.028756874194821796,0.028756874194821796,0.024966468316919847,0.023494853075654805,0.025090921517463134,0.025090921517463134,0.0,0.0,0.0,0.0,0.0,0.0,0.0,0.007535847612214113,0.006621036474265261,0.0,0.0,0.0,0.0,0.0,0.017490759212381503],[0.03154432276968741,0.03077210085509892,0.030181388190111593,0.02978175320726586,0.029377234074462577,0.029377234074462577,0.02917307920360126,0.02917307920360126,0.02917307920360126,0.9999999999999999,0.02855270590913744,0.02855270590913744,0.02855270590913744,0.024772733251671467,0.02330439759940715,0.0,0.0,0.0,0.0,0.0,0.019882380484183983,0.0,0.014596327320064283,0.0,0.0,0.0,0.0,0.010124988442030747,0.0,0.0,0.022612929471385653,0.0],[0.031112492711971328,0.030345508380932317,0.02975870826545595,0.029361671301977046,0.028959739792048775,0.028959739792048775,0.028756874194821796,0.028756874194821796,0.028756874194821796,0.02855270590913744,0.9999999999999999,0.028140347103806473,0.028140347103806473,0.024381045726739974,0.022919133220178387,0.025093676827214674,0.025093676827214674,0.0,0.0,0.0,0.027502336088684028,0.0,0.0,0.0,0.01286477856421085,0.0,0.0,0.009681077045359813,0.0,0.0,0.023361600856938385,0.0],[0.031112492711971328,0.030345508380932317,0.02975870826545595,0.029361671301977046,0.028959739792048775,0.028959739792048775,0.028756874194821796,0.028756874194821796,0.028756874194821796,0.02855270590913744,0.028140347103806473,0.9999999999999999,0.028140347103806473,0.024381045726739974,0.022919133220178387,0.01989447070095659,0.01989447070095659,0.0,0.0,0.0,0.012435142124428842,0.022599428475691394,0.017075540178522072,0.02141094865338119,0.027098297622996204,0.0,0.0,0.0,0.030963744255627364,0.018281378327811446,0.0,0.01754097874471917],[0.031112492711971328,0.030345508380932317,0.02975870826545595,0.029361671301977046,0.028959739792048775,0.028959739792048775,0.028756874194821796,0.028756874194821796,0.028756874194821796,0.02855270590913744,0.028140347103806473,0.028140347103806473,0.9999999999999999,0.024381045726739974,0.022919133220178387,0.04221945184130807,0.04221945184130807,0.0,0.0,0.018726155337812394,0.0,0.0,0.0,0.0,0.0,0.0,0.0,0.0,0.0,0.0,0.0,0.0],[0.027193192377602846,0.02646978709666424,0.025915316063422705,0.02553962348467365,0.025158841138972668,0.025158841138972668,0.024966468316919847,0.024966468316919847,0.024966468316919847,0.024772733251671467,0.024381045726739974,0.024381045726739974,0.024381045726739974,0.9999999999999999,0.019361879404659988,0.0,0.0,0.0,0.0,0.0,0.019501768851025794,0.0,0.0,0.00483290273184686,0.0,0.0,0.0,0.0,0.0,0.0,0.0569440966032079,0.02619760408367426],[0.025679531633073786,0.024970605224562833,0.024426718362392325,0.024057926960868507,0.0236839043484377,0.0236839043484377,0.023494853075654805,0.023494853075654805,0.023494853075654805,0.02330439759940715,0.022919133220178387,0.022919133220178387,0.022919133220178387,0.019361879404659988,1.0,0.0,0.0,0.01263840552421895,0.01263840552421895,0.0,0.0,0.01339776662559329,0.0,0.0,0.017847434636615544,0.019286916066859856,0.0,0.0,0.0,0.0,0.0,0.0],[0.0,0.0,0.0,0.0,0.0377173571440375,0.018615102243403868,0.019969655368435223,0.0,0.025090921517463134,0.0,0.025093676827214674,0.01989447070095659,0.04221945184130807,0.0,0.0,0.9999999999999999,0.9999999999999999,0.030404755604036222,0.030404755604036222,0.024099072136023553,0.024490587856927298,0.03299776975943608,0.0,0.06399816091281904,0.0,0.0,0.024610105498426647,0.0,0.0,0.0,0.0,0.016905895562782665],[0.0,0.0,0.0,0.0,0.0377173571440375,0.018615102243403868,0.019969655368435223,0.0,0.025090921517463134,0.0,0.025093676827214674,0.01989447070095659,0.04221945184130807,0.0,0.0,0.9999999999999999,0.9999999999999999,0.030404755604036222,0.030404755604036222,0.02409907213602355,0.024490587856927298,0.03299776975943608,0.0,0.06399816091281904,0.0,0.0,0.02461010549842664,0.0,0.0,0.0,0.0,0.016905895562782665],[0.03591584580417963,0.03130673441333825,0.0,0.0,0.0,0.05010718225513363,0.0,0.008029756890112259,0.0,0.0,0.0,0.0,0.0,0.0,0.01263840552421895,0.030404755604036222,0.030404755604036222,0.9999999999999999,0.9999999999999999,0.0,0.0,0.02846311045323623,0.0,0.03141204748584061,0.0,0.0137679540907215,0.0,0.0,0.01978047369462759,0.0,0.0,0.0],[0.035915845804179634,0.03130673441333825,0.0,0.0,0.0,0.05010718225513363,0.0,0.008029756890112259,0.0,0.0,0.0,0.0,0.0,0.0,0.01263840552421895,0.030404755604036222,0.030404755604036222,0.9999999999999999,0.9999999999999999,0.0,0.0,0.02846311045323623,0.0,0.03141204748584061,0.0,0.0137679540907215,0.0,0.0,0.01978047369462759,0.0,0.0,0.0],[0.0,0.0,0.0,0.0,0.0,0.0,0.0,0.0,0.0,0.0,0.0,0.0,0.018726155337812394,0.0,0.0,0.024099072136023553,0.02409907213602355,0.0,0.0,0.9999999999999999,0.08060722837033835,0.12685486047128466,0.10597531892218479,0.0967232265765475,0.1166896006738267,0.011290777565371515,0.05769476000030902,0.0,0.022651446745926278,0.022140637468350773,0.0,0.0734127364067553],[0.0,0.0,0.0,0.0,0.010586087409566897,0.0,0.0,0.0,0.0,0.019882380484183983,0.027502336088684028,0.012435142124428842,0.0,0.019501768851025794,0.0,0.024490587856927298,0.024490587856927298,0.0,0.0,0.08060722837033835,0.9999999999999999,0.13143488792893723,0.10983391835799912,0.10026458182143815,0.12091761075749645,0.0,0.059933949306285,0.012494833510661022,0.03031592001646958,0.0,0.008001113063645874,0.08121236676326231],[0.03479511592711358,0.0,0.0,0.0,0.018862074959583825,0.0,0.0,0.032006906793296035,0.0,0.0,0.0,0.022599428475691394,0.0,0.0,0.01339776662559329,0.03299776975943608,0.03299776975943608,0.02846311045323623,0.02846311045323623,0.12685486047128466,0.13143488792893723,0.9999999999999999,0.17170672255382305,0.15699098310923143,0.18877612917358239,0.03628253023889216,0.09540439458927764,0.0,0.0,0.07041742939991477,0.0,0.12110561051546548],[0.0,0.0,0.005600450857266264,0.0,0.0,0.0334207500222508,0.0,0.0,0.0,0.014596327320064283,0.0,0.017075540178522072,0.0,0.0,0.0,0.0,0.0,0.0,0.0,0.10597531892218479,0.10983391835799912,0.17170672255382305,1.0,0.13134734634116393,0.15807722408852937,0.10610669924791175,0.0794370414704262,0.0,0.0,0.011598706503155665,0.00789557078914037,0.10675488890947087],[0.0,0.0,0.0,0.0,0.0,0.0031111250165866793,0.0,0.0,0.0,0.0,0.0,0.02141094865338119,0.0,0.00483290273184686,0.0,0.06399816091281904,0.06399816091281904,0.03141204748584061,0.03141204748584061,0.0967232265765475,0.10026458182143815,0.15699098310923143,0.13134734634116393,0.9999999999999999,0.14450157353065082,0.023957527982728474,0.07234129883736107,0.023394395622716876,0.0,0.04506867105046645,0.0,0.09743875878518786],[0.0064228526871138196,0.0,0.0,0.0,0.0,0.0,0.0,0.0,0.007535847612214113,0.0,0.01286477856421085,0.027098297622996204,0.0,0.0,0.017847434636615544,0.0,0.0,0.0,0.0,0.1166896006738267,0.12091761075749645,0.18877612917358239,0.15807722408852937,0.14450157353065082,0.9999999999999999,0.0,0.08763720323524682,0.04051024801072259,0.009963994289606802,0.016173870940852188,0.02640965436958771,0.11400987868114253],[0.0,0.0,0.0,0.0,0.0,0.0022691952705957393,0.0,0.023571907442244598,0.006621036474265261,0.0,0.0,0.0,0.0,0.0,0.019286916066859856,0.0,0.0,0.0137679540907215,0.0137679540907215,0.011290777565371515,0.0,0.03628253023889216,0.10610669924791175,0.023957527982728474,0.0,0.9999999999999999,0.10971772368904745,0.05538928875712519,0.11615939031956322,0.3455522127771449,0.0392252166517818,0.1466752768620942],[0.0,0.0,0.0,0.0,0.012954252342523315,0.0,0.0,0.02500517229947238,0.0,0.0,0.0,0.0,0.0,0.0,0.0,0.024610105498426647,0.024610105498426647,0.0,0.0,0.05769476000030902,0.059933949306285,0.09540439458927764,0.0794370414704262,0.07234129883736107,0.08763720323524682,0.10971772368904745,1.0,0.015789919405473047,0.044937154159265,0.14142831601014197,0.0,0.05814757560700993],[0.012647346369179644,0.0,0.0,0.01096062879302889,0.0,0.0,0.0,0.0,0.0,0.010124988442030747,0.009681077045359813,0.0,0.0,0.0,0.0,0.0,0.0,0.0,0.0,0.0,0.012494833510661022,0.0,0.0,0.023394395622716876,0.04051024801072259,0.05538928875712519,0.015789919405473047,0.9999999999999999,0.01780877119797779,0.07248896663214528,0.0,0.02628802959984666],[0.0,0.0,0.002692842181102418,0.0,0.0,0.0,0.0,0.0,0.0,0.0,0.0,0.030963744255627364,0.0,0.0,0.0,0.0,0.0,0.01978047369462759,0.01978047369462759,0.022651446745926278,0.03031592001646958,0.0,0.0,0.0,0.009963994289606802,0.11615939031956322,0.044937154159265,0.01780877119797779,1.0,0.14964669000288233,0.005189772945397396,0.06178590917305848],[0.0,0.020578776772713803,0.0,0.021740638388892553,0.0,0.0,0.01731674400940608,0.0032726027516271406,0.0,0.0,0.0,0.018281378327811446,0.0,0.0,0.0,0.0,0.0,0.0,0.0,0.022140637468350773,0.0,0.07041742939991477,0.011598706503155665,0.04506867105046645,0.016173870940852188,0.3455522127771449,0.14142831601014197,0.07248896663214528,0.14964669000288233,1.0,0.052347705508879905,0.18862824500388234],[0.0,0.0,0.0,0.0,0.0,0.0,0.0,0.0,0.0,0.022612929471385653,0.023361600856938385,0.0,0.0,0.0569440966032079,0.0,0.0,0.0,0.0,0.0,0.0,0.008001113063645874,0.0,0.00789557078914037,0.0,0.02640965436958771,0.0392252166517818,0.0,0.0,0.005189772945397396,0.052347705508879905,1.0,0.015245029618738816],[0.0,0.0,0.0,0.052517499472785466,0.02335973232012929,0.004632231558663364,0.0,0.026496048623856763,0.017490759212381503,0.0,0.0,0.01754097874471917,0.0,0.02619760408367426,0.0,0.016905895562782665,0.016905895562782665,0.0,0.0,0.0734127364067553,0.08121236676326231,0.12110561051546546,0.10675488890947087,0.09743875878518786,0.11400987868114253,0.14667527686209417,0.05814757560700993,0.02628802959984666,0.06178590917305848,0.18862824500388234,0.015245029618738816,0.9999999999999999]],"zmax":1,"zmin":-1}],                        {"annotations":[{"font":{"color":"#FFFFFF"},"showarrow":false,"text":"0.9999999999999999","x":"stadium_Yankee Stadium","xref":"x","y":"stadium_Yankee Stadium","yref":"y"},{"font":{"color":"#FFFFFF"},"showarrow":false,"text":"0.03342537052839826","x":"stadium_AT&amp;T Park","xref":"x","y":"stadium_Yankee Stadium","yref":"y"},{"font":{"color":"#FFFFFF"},"showarrow":false,"text":"0.03280907746535574","x":"stadium_McAfee Coliseum","xref":"x","y":"stadium_Yankee Stadium","yref":"y"},{"font":{"color":"#FFFFFF"},"showarrow":false,"text":"0.032392412772415495","x":"stadium_Minute Maid Park","xref":"x","y":"stadium_Yankee Stadium","yref":"y"},{"font":{"color":"#FFFFFF"},"showarrow":false,"text":"0.03197089314305649","x":"stadium_Kauffman Stadium","xref":"x","y":"stadium_Yankee Stadium","yref":"y"},{"font":{"color":"#FFFFFF"},"showarrow":false,"text":"0.03197089314305649","x":"stadium_Fenway Park","xref":"x","y":"stadium_Yankee Stadium","yref":"y"},{"font":{"color":"#FFFFFF"},"showarrow":false,"text":"0.03175825203625335","x":"stadium_Great American Ball Park","xref":"x","y":"stadium_Yankee Stadium","yref":"y"},{"font":{"color":"#FFFFFF"},"showarrow":false,"text":"0.03175825203625335","x":"stadium_Coors Field","xref":"x","y":"stadium_Yankee Stadium","yref":"y"},{"font":{"color":"#FFFFFF"},"showarrow":false,"text":"0.03175825203625335","x":"stadium_Nationals Park","xref":"x","y":"stadium_Yankee Stadium","yref":"y"},{"font":{"color":"#FFFFFF"},"showarrow":false,"text":"0.03154432276968741","x":"stadium_U.S. Cellular Field","xref":"x","y":"stadium_Yankee Stadium","yref":"y"},{"font":{"color":"#FFFFFF"},"showarrow":false,"text":"0.031112492711971328","x":"stadium_Comerica Park","xref":"x","y":"stadium_Yankee Stadium","yref":"y"},{"font":{"color":"#FFFFFF"},"showarrow":false,"text":"0.031112492711971328","x":"stadium_Dodger Stadium","xref":"x","y":"stadium_Yankee Stadium","yref":"y"},{"font":{"color":"#FFFFFF"},"showarrow":false,"text":"0.031112492711971328","x":"stadium_Miller Park","xref":"x","y":"stadium_Yankee Stadium","yref":"y"},{"font":{"color":"#FFFFFF"},"showarrow":false,"text":"0.027193192377602846","x":"stadium_Oriole Park at Camden Yards","xref":"x","y":"stadium_Yankee Stadium","yref":"y"},{"font":{"color":"#FFFFFF"},"showarrow":false,"text":"0.025679531633073786","x":"stadium_PETCO Park","xref":"x","y":"stadium_Yankee Stadium","yref":"y"},{"font":{"color":"#FFFFFF"},"showarrow":false,"text":"0.0","x":"home_hand_LHP","xref":"x","y":"stadium_Yankee Stadium","yref":"y"},{"font":{"color":"#FFFFFF"},"showarrow":false,"text":"0.0","x":"home_hand_RHP","xref":"x","y":"stadium_Yankee Stadium","yref":"y"},{"font":{"color":"#FFFFFF"},"showarrow":false,"text":"0.03591584580417963","x":"away_hand_LHP","xref":"x","y":"stadium_Yankee Stadium","yref":"y"},{"font":{"color":"#FFFFFF"},"showarrow":false,"text":"0.035915845804179634","x":"away_hand_RHP","xref":"x","y":"stadium_Yankee Stadium","yref":"y"},{"font":{"color":"#FFFFFF"},"showarrow":false,"text":"0.0","x":"winddir_In from CF","xref":"x","y":"stadium_Yankee Stadium","yref":"y"},{"font":{"color":"#FFFFFF"},"showarrow":false,"text":"0.0","x":"winddir_In from RF","xref":"x","y":"stadium_Yankee Stadium","yref":"y"},{"font":{"color":"#FFFFFF"},"showarrow":false,"text":"0.03479511592711358","x":"winddir_L to R","xref":"x","y":"stadium_Yankee Stadium","yref":"y"},{"font":{"color":"#FFFFFF"},"showarrow":false,"text":"0.0","x":"winddir_Out to CF","xref":"x","y":"stadium_Yankee Stadium","yref":"y"},{"font":{"color":"#FFFFFF"},"showarrow":false,"text":"0.0","x":"winddir_Out to RF","xref":"x","y":"stadium_Yankee Stadium","yref":"y"},{"font":{"color":"#FFFFFF"},"showarrow":false,"text":"0.0064228526871138196","x":"winddir_R to L","xref":"x","y":"stadium_Yankee Stadium","yref":"y"},{"font":{"color":"#FFFFFF"},"showarrow":false,"text":"0.0","x":"weather_clear","xref":"x","y":"stadium_Yankee Stadium","yref":"y"},{"font":{"color":"#FFFFFF"},"showarrow":false,"text":"0.0","x":"weather_dome","xref":"x","y":"stadium_Yankee Stadium","yref":"y"},{"font":{"color":"#FFFFFF"},"showarrow":false,"text":"0.012647346369179644","x":"weather_drizzle","xref":"x","y":"stadium_Yankee Stadium","yref":"y"},{"font":{"color":"#FFFFFF"},"showarrow":false,"text":"0.0","x":"weather_overcast","xref":"x","y":"stadium_Yankee Stadium","yref":"y"},{"font":{"color":"#FFFFFF"},"showarrow":false,"text":"0.0","x":"weather_partly cloudy","xref":"x","y":"stadium_Yankee Stadium","yref":"y"},{"font":{"color":"#FFFFFF"},"showarrow":false,"text":"0.0","x":"weather_rain","xref":"x","y":"stadium_Yankee Stadium","yref":"y"},{"font":{"color":"#FFFFFF"},"showarrow":false,"text":"0.0","x":"weather_roof closed","xref":"x","y":"stadium_Yankee Stadium","yref":"y"},{"font":{"color":"#FFFFFF"},"showarrow":false,"text":"0.03342537052839826","x":"stadium_Yankee Stadium","xref":"x","y":"stadium_AT&amp;T Park","yref":"y"},{"font":{"color":"#FFFFFF"},"showarrow":false,"text":"0.9999999999999999","x":"stadium_AT&amp;T Park","xref":"x","y":"stadium_AT&amp;T Park","yref":"y"},{"font":{"color":"#FFFFFF"},"showarrow":false,"text":"0.03202110393898388","x":"stadium_McAfee Coliseum","xref":"x","y":"stadium_AT&amp;T Park","yref":"y"},{"font":{"color":"#FFFFFF"},"showarrow":false,"text":"0.031609693585456046","x":"stadium_Minute Maid Park","xref":"x","y":"stadium_AT&amp;T Park","yref":"y"},{"font":{"color":"#FFFFFF"},"showarrow":false,"text":"0.031193425328202743","x":"stadium_Kauffman Stadium","xref":"x","y":"stadium_AT&amp;T Park","yref":"y"},{"font":{"color":"#FFFFFF"},"showarrow":false,"text":"0.031193425328202743","x":"stadium_Fenway Park","xref":"x","y":"stadium_AT&amp;T Park","yref":"y"},{"font":{"color":"#FFFFFF"},"showarrow":false,"text":"0.030983408024791975","x":"stadium_Great American Ball Park","xref":"x","y":"stadium_AT&amp;T Park","yref":"y"},{"font":{"color":"#FFFFFF"},"showarrow":false,"text":"0.030983408024791975","x":"stadium_Coors Field","xref":"x","y":"stadium_AT&amp;T Park","yref":"y"},{"font":{"color":"#FFFFFF"},"showarrow":false,"text":"0.030983408024791975","x":"stadium_Nationals Park","xref":"x","y":"stadium_AT&amp;T Park","yref":"y"},{"font":{"color":"#FFFFFF"},"showarrow":false,"text":"0.03077210085509892","x":"stadium_U.S. Cellular Field","xref":"x","y":"stadium_AT&amp;T Park","yref":"y"},{"font":{"color":"#FFFFFF"},"showarrow":false,"text":"0.030345508380932317","x":"stadium_Comerica Park","xref":"x","y":"stadium_AT&amp;T Park","yref":"y"},{"font":{"color":"#FFFFFF"},"showarrow":false,"text":"0.030345508380932317","x":"stadium_Dodger Stadium","xref":"x","y":"stadium_AT&amp;T Park","yref":"y"},{"font":{"color":"#FFFFFF"},"showarrow":false,"text":"0.030345508380932317","x":"stadium_Miller Park","xref":"x","y":"stadium_AT&amp;T Park","yref":"y"},{"font":{"color":"#FFFFFF"},"showarrow":false,"text":"0.02646978709666424","x":"stadium_Oriole Park at Camden Yards","xref":"x","y":"stadium_AT&amp;T Park","yref":"y"},{"font":{"color":"#FFFFFF"},"showarrow":false,"text":"0.024970605224562833","x":"stadium_PETCO Park","xref":"x","y":"stadium_AT&amp;T Park","yref":"y"},{"font":{"color":"#FFFFFF"},"showarrow":false,"text":"0.0","x":"home_hand_LHP","xref":"x","y":"stadium_AT&amp;T Park","yref":"y"},{"font":{"color":"#FFFFFF"},"showarrow":false,"text":"0.0","x":"home_hand_RHP","xref":"x","y":"stadium_AT&amp;T Park","yref":"y"},{"font":{"color":"#FFFFFF"},"showarrow":false,"text":"0.03130673441333825","x":"away_hand_LHP","xref":"x","y":"stadium_AT&amp;T Park","yref":"y"},{"font":{"color":"#FFFFFF"},"showarrow":false,"text":"0.03130673441333825","x":"away_hand_RHP","xref":"x","y":"stadium_AT&amp;T Park","yref":"y"},{"font":{"color":"#FFFFFF"},"showarrow":false,"text":"0.0","x":"winddir_In from CF","xref":"x","y":"stadium_AT&amp;T Park","yref":"y"},{"font":{"color":"#FFFFFF"},"showarrow":false,"text":"0.0","x":"winddir_In from RF","xref":"x","y":"stadium_AT&amp;T Park","yref":"y"},{"font":{"color":"#FFFFFF"},"showarrow":false,"text":"0.0","x":"winddir_L to R","xref":"x","y":"stadium_AT&amp;T Park","yref":"y"},{"font":{"color":"#FFFFFF"},"showarrow":false,"text":"0.0","x":"winddir_Out to CF","xref":"x","y":"stadium_AT&amp;T Park","yref":"y"},{"font":{"color":"#FFFFFF"},"showarrow":false,"text":"0.0","x":"winddir_Out to RF","xref":"x","y":"stadium_AT&amp;T Park","yref":"y"},{"font":{"color":"#FFFFFF"},"showarrow":false,"text":"0.0","x":"winddir_R to L","xref":"x","y":"stadium_AT&amp;T Park","yref":"y"},{"font":{"color":"#FFFFFF"},"showarrow":false,"text":"0.0","x":"weather_clear","xref":"x","y":"stadium_AT&amp;T Park","yref":"y"},{"font":{"color":"#FFFFFF"},"showarrow":false,"text":"0.0","x":"weather_dome","xref":"x","y":"stadium_AT&amp;T Park","yref":"y"},{"font":{"color":"#FFFFFF"},"showarrow":false,"text":"0.0","x":"weather_drizzle","xref":"x","y":"stadium_AT&amp;T Park","yref":"y"},{"font":{"color":"#FFFFFF"},"showarrow":false,"text":"0.0","x":"weather_overcast","xref":"x","y":"stadium_AT&amp;T Park","yref":"y"},{"font":{"color":"#FFFFFF"},"showarrow":false,"text":"0.020578776772713803","x":"weather_partly cloudy","xref":"x","y":"stadium_AT&amp;T Park","yref":"y"},{"font":{"color":"#FFFFFF"},"showarrow":false,"text":"0.0","x":"weather_rain","xref":"x","y":"stadium_AT&amp;T Park","yref":"y"},{"font":{"color":"#FFFFFF"},"showarrow":false,"text":"0.0","x":"weather_roof closed","xref":"x","y":"stadium_AT&amp;T Park","yref":"y"},{"font":{"color":"#FFFFFF"},"showarrow":false,"text":"0.03280907746535574","x":"stadium_Yankee Stadium","xref":"x","y":"stadium_McAfee Coliseum","yref":"y"},{"font":{"color":"#FFFFFF"},"showarrow":false,"text":"0.03202110393898388","x":"stadium_AT&amp;T Park","xref":"x","y":"stadium_McAfee Coliseum","yref":"y"},{"font":{"color":"#FFFFFF"},"showarrow":false,"text":"0.9999999999999999","x":"stadium_McAfee Coliseum","xref":"x","y":"stadium_McAfee Coliseum","yref":"y"},{"font":{"color":"#FFFFFF"},"showarrow":false,"text":"0.031011128067166518","x":"stadium_Minute Maid Park","xref":"x","y":"stadium_McAfee Coliseum","yref":"y"},{"font":{"color":"#FFFFFF"},"showarrow":false,"text":"0.030598790041338034","x":"stadium_Kauffman Stadium","xref":"x","y":"stadium_McAfee Coliseum","yref":"y"},{"font":{"color":"#FFFFFF"},"showarrow":false,"text":"0.030598790041338034","x":"stadium_Fenway Park","xref":"x","y":"stadium_McAfee Coliseum","yref":"y"},{"font":{"color":"#FFFFFF"},"showarrow":false,"text":"0.030390735146719455","x":"stadium_Great American Ball Park","xref":"x","y":"stadium_McAfee Coliseum","yref":"y"},{"font":{"color":"#FFFFFF"},"showarrow":false,"text":"0.030390735146719455","x":"stadium_Coors Field","xref":"x","y":"stadium_McAfee Coliseum","yref":"y"},{"font":{"color":"#FFFFFF"},"showarrow":false,"text":"0.030390735146719455","x":"stadium_Nationals Park","xref":"x","y":"stadium_McAfee Coliseum","yref":"y"},{"font":{"color":"#FFFFFF"},"showarrow":false,"text":"0.030181388190111593","x":"stadium_U.S. Cellular Field","xref":"x","y":"stadium_McAfee Coliseum","yref":"y"},{"font":{"color":"#FFFFFF"},"showarrow":false,"text":"0.02975870826545595","x":"stadium_Comerica Park","xref":"x","y":"stadium_McAfee Coliseum","yref":"y"},{"font":{"color":"#FFFFFF"},"showarrow":false,"text":"0.02975870826545595","x":"stadium_Dodger Stadium","xref":"x","y":"stadium_McAfee Coliseum","yref":"y"},{"font":{"color":"#FFFFFF"},"showarrow":false,"text":"0.02975870826545595","x":"stadium_Miller Park","xref":"x","y":"stadium_McAfee Coliseum","yref":"y"},{"font":{"color":"#FFFFFF"},"showarrow":false,"text":"0.025915316063422705","x":"stadium_Oriole Park at Camden Yards","xref":"x","y":"stadium_McAfee Coliseum","yref":"y"},{"font":{"color":"#FFFFFF"},"showarrow":false,"text":"0.024426718362392325","x":"stadium_PETCO Park","xref":"x","y":"stadium_McAfee Coliseum","yref":"y"},{"font":{"color":"#FFFFFF"},"showarrow":false,"text":"0.0","x":"home_hand_LHP","xref":"x","y":"stadium_McAfee Coliseum","yref":"y"},{"font":{"color":"#FFFFFF"},"showarrow":false,"text":"0.0","x":"home_hand_RHP","xref":"x","y":"stadium_McAfee Coliseum","yref":"y"},{"font":{"color":"#FFFFFF"},"showarrow":false,"text":"0.0","x":"away_hand_LHP","xref":"x","y":"stadium_McAfee Coliseum","yref":"y"},{"font":{"color":"#FFFFFF"},"showarrow":false,"text":"0.0","x":"away_hand_RHP","xref":"x","y":"stadium_McAfee Coliseum","yref":"y"},{"font":{"color":"#FFFFFF"},"showarrow":false,"text":"0.0","x":"winddir_In from CF","xref":"x","y":"stadium_McAfee Coliseum","yref":"y"},{"font":{"color":"#FFFFFF"},"showarrow":false,"text":"0.0","x":"winddir_In from RF","xref":"x","y":"stadium_McAfee Coliseum","yref":"y"},{"font":{"color":"#FFFFFF"},"showarrow":false,"text":"0.0","x":"winddir_L to R","xref":"x","y":"stadium_McAfee Coliseum","yref":"y"},{"font":{"color":"#FFFFFF"},"showarrow":false,"text":"0.005600450857266264","x":"winddir_Out to CF","xref":"x","y":"stadium_McAfee Coliseum","yref":"y"},{"font":{"color":"#FFFFFF"},"showarrow":false,"text":"0.0","x":"winddir_Out to RF","xref":"x","y":"stadium_McAfee Coliseum","yref":"y"},{"font":{"color":"#FFFFFF"},"showarrow":false,"text":"0.0","x":"winddir_R to L","xref":"x","y":"stadium_McAfee Coliseum","yref":"y"},{"font":{"color":"#FFFFFF"},"showarrow":false,"text":"0.0","x":"weather_clear","xref":"x","y":"stadium_McAfee Coliseum","yref":"y"},{"font":{"color":"#FFFFFF"},"showarrow":false,"text":"0.0","x":"weather_dome","xref":"x","y":"stadium_McAfee Coliseum","yref":"y"},{"font":{"color":"#FFFFFF"},"showarrow":false,"text":"0.0","x":"weather_drizzle","xref":"x","y":"stadium_McAfee Coliseum","yref":"y"},{"font":{"color":"#FFFFFF"},"showarrow":false,"text":"0.002692842181102418","x":"weather_overcast","xref":"x","y":"stadium_McAfee Coliseum","yref":"y"},{"font":{"color":"#FFFFFF"},"showarrow":false,"text":"0.0","x":"weather_partly cloudy","xref":"x","y":"stadium_McAfee Coliseum","yref":"y"},{"font":{"color":"#FFFFFF"},"showarrow":false,"text":"0.0","x":"weather_rain","xref":"x","y":"stadium_McAfee Coliseum","yref":"y"},{"font":{"color":"#FFFFFF"},"showarrow":false,"text":"0.0","x":"weather_roof closed","xref":"x","y":"stadium_McAfee Coliseum","yref":"y"},{"font":{"color":"#FFFFFF"},"showarrow":false,"text":"0.032392412772415495","x":"stadium_Yankee Stadium","xref":"x","y":"stadium_Minute Maid Park","yref":"y"},{"font":{"color":"#FFFFFF"},"showarrow":false,"text":"0.031609693585456046","x":"stadium_AT&amp;T Park","xref":"x","y":"stadium_Minute Maid Park","yref":"y"},{"font":{"color":"#FFFFFF"},"showarrow":false,"text":"0.031011128067166518","x":"stadium_McAfee Coliseum","xref":"x","y":"stadium_Minute Maid Park","yref":"y"},{"font":{"color":"#FFFFFF"},"showarrow":false,"text":"0.9999999999999999","x":"stadium_Minute Maid Park","xref":"x","y":"stadium_Minute Maid Park","yref":"y"},{"font":{"color":"#FFFFFF"},"showarrow":false,"text":"0.030196548253395444","x":"stadium_Kauffman Stadium","xref":"x","y":"stadium_Minute Maid Park","yref":"y"},{"font":{"color":"#FFFFFF"},"showarrow":false,"text":"0.030196548253395444","x":"stadium_Fenway Park","xref":"x","y":"stadium_Minute Maid Park","yref":"y"},{"font":{"color":"#FFFFFF"},"showarrow":false,"text":"0.029989797740431152","x":"stadium_Great American Ball Park","xref":"x","y":"stadium_Minute Maid Park","yref":"y"},{"font":{"color":"#FFFFFF"},"showarrow":false,"text":"0.029989797740431152","x":"stadium_Coors Field","xref":"x","y":"stadium_Minute Maid Park","yref":"y"},{"font":{"color":"#FFFFFF"},"showarrow":false,"text":"0.029989797740431152","x":"stadium_Nationals Park","xref":"x","y":"stadium_Minute Maid Park","yref":"y"},{"font":{"color":"#FFFFFF"},"showarrow":false,"text":"0.02978175320726586","x":"stadium_U.S. Cellular Field","xref":"x","y":"stadium_Minute Maid Park","yref":"y"},{"font":{"color":"#FFFFFF"},"showarrow":false,"text":"0.029361671301977046","x":"stadium_Comerica Park","xref":"x","y":"stadium_Minute Maid Park","yref":"y"},{"font":{"color":"#FFFFFF"},"showarrow":false,"text":"0.029361671301977046","x":"stadium_Dodger Stadium","xref":"x","y":"stadium_Minute Maid Park","yref":"y"},{"font":{"color":"#FFFFFF"},"showarrow":false,"text":"0.029361671301977046","x":"stadium_Miller Park","xref":"x","y":"stadium_Minute Maid Park","yref":"y"},{"font":{"color":"#FFFFFF"},"showarrow":false,"text":"0.02553962348467365","x":"stadium_Oriole Park at Camden Yards","xref":"x","y":"stadium_Minute Maid Park","yref":"y"},{"font":{"color":"#FFFFFF"},"showarrow":false,"text":"0.024057926960868507","x":"stadium_PETCO Park","xref":"x","y":"stadium_Minute Maid Park","yref":"y"},{"font":{"color":"#FFFFFF"},"showarrow":false,"text":"0.0","x":"home_hand_LHP","xref":"x","y":"stadium_Minute Maid Park","yref":"y"},{"font":{"color":"#FFFFFF"},"showarrow":false,"text":"0.0","x":"home_hand_RHP","xref":"x","y":"stadium_Minute Maid Park","yref":"y"},{"font":{"color":"#FFFFFF"},"showarrow":false,"text":"0.0","x":"away_hand_LHP","xref":"x","y":"stadium_Minute Maid Park","yref":"y"},{"font":{"color":"#FFFFFF"},"showarrow":false,"text":"0.0","x":"away_hand_RHP","xref":"x","y":"stadium_Minute Maid Park","yref":"y"},{"font":{"color":"#FFFFFF"},"showarrow":false,"text":"0.0","x":"winddir_In from CF","xref":"x","y":"stadium_Minute Maid Park","yref":"y"},{"font":{"color":"#FFFFFF"},"showarrow":false,"text":"0.0","x":"winddir_In from RF","xref":"x","y":"stadium_Minute Maid Park","yref":"y"},{"font":{"color":"#FFFFFF"},"showarrow":false,"text":"0.0","x":"winddir_L to R","xref":"x","y":"stadium_Minute Maid Park","yref":"y"},{"font":{"color":"#FFFFFF"},"showarrow":false,"text":"0.0","x":"winddir_Out to CF","xref":"x","y":"stadium_Minute Maid Park","yref":"y"},{"font":{"color":"#FFFFFF"},"showarrow":false,"text":"0.0","x":"winddir_Out to RF","xref":"x","y":"stadium_Minute Maid Park","yref":"y"},{"font":{"color":"#FFFFFF"},"showarrow":false,"text":"0.0","x":"winddir_R to L","xref":"x","y":"stadium_Minute Maid Park","yref":"y"},{"font":{"color":"#FFFFFF"},"showarrow":false,"text":"0.0","x":"weather_clear","xref":"x","y":"stadium_Minute Maid Park","yref":"y"},{"font":{"color":"#FFFFFF"},"showarrow":false,"text":"0.0","x":"weather_dome","xref":"x","y":"stadium_Minute Maid Park","yref":"y"},{"font":{"color":"#FFFFFF"},"showarrow":false,"text":"0.01096062879302889","x":"weather_drizzle","xref":"x","y":"stadium_Minute Maid Park","yref":"y"},{"font":{"color":"#FFFFFF"},"showarrow":false,"text":"0.0","x":"weather_overcast","xref":"x","y":"stadium_Minute Maid Park","yref":"y"},{"font":{"color":"#FFFFFF"},"showarrow":false,"text":"0.021740638388892553","x":"weather_partly cloudy","xref":"x","y":"stadium_Minute Maid Park","yref":"y"},{"font":{"color":"#FFFFFF"},"showarrow":false,"text":"0.0","x":"weather_rain","xref":"x","y":"stadium_Minute Maid Park","yref":"y"},{"font":{"color":"#FFFFFF"},"showarrow":false,"text":"0.052517499472785466","x":"weather_roof closed","xref":"x","y":"stadium_Minute Maid Park","yref":"y"},{"font":{"color":"#FFFFFF"},"showarrow":false,"text":"0.03197089314305649","x":"stadium_Yankee Stadium","xref":"x","y":"stadium_Kauffman Stadium","yref":"y"},{"font":{"color":"#FFFFFF"},"showarrow":false,"text":"0.031193425328202743","x":"stadium_AT&amp;T Park","xref":"x","y":"stadium_Kauffman Stadium","yref":"y"},{"font":{"color":"#FFFFFF"},"showarrow":false,"text":"0.030598790041338034","x":"stadium_McAfee Coliseum","xref":"x","y":"stadium_Kauffman Stadium","yref":"y"},{"font":{"color":"#FFFFFF"},"showarrow":false,"text":"0.030196548253395444","x":"stadium_Minute Maid Park","xref":"x","y":"stadium_Kauffman Stadium","yref":"y"},{"font":{"color":"#FFFFFF"},"showarrow":false,"text":"0.9999999999999999","x":"stadium_Kauffman Stadium","xref":"x","y":"stadium_Kauffman Stadium","yref":"y"},{"font":{"color":"#FFFFFF"},"showarrow":false,"text":"0.02978943087882561","x":"stadium_Fenway Park","xref":"x","y":"stadium_Kauffman Stadium","yref":"y"},{"font":{"color":"#FFFFFF"},"showarrow":false,"text":"0.029583980684628922","x":"stadium_Great American Ball Park","xref":"x","y":"stadium_Kauffman Stadium","yref":"y"},{"font":{"color":"#FFFFFF"},"showarrow":false,"text":"0.029583980684628922","x":"stadium_Coors Field","xref":"x","y":"stadium_Kauffman Stadium","yref":"y"},{"font":{"color":"#FFFFFF"},"showarrow":false,"text":"0.029583980684628922","x":"stadium_Nationals Park","xref":"x","y":"stadium_Kauffman Stadium","yref":"y"},{"font":{"color":"#FFFFFF"},"showarrow":false,"text":"0.029377234074462577","x":"stadium_U.S. Cellular Field","xref":"x","y":"stadium_Kauffman Stadium","yref":"y"},{"font":{"color":"#FFFFFF"},"showarrow":false,"text":"0.028959739792048775","x":"stadium_Comerica Park","xref":"x","y":"stadium_Kauffman Stadium","yref":"y"},{"font":{"color":"#FFFFFF"},"showarrow":false,"text":"0.028959739792048775","x":"stadium_Dodger Stadium","xref":"x","y":"stadium_Kauffman Stadium","yref":"y"},{"font":{"color":"#FFFFFF"},"showarrow":false,"text":"0.028959739792048775","x":"stadium_Miller Park","xref":"x","y":"stadium_Kauffman Stadium","yref":"y"},{"font":{"color":"#FFFFFF"},"showarrow":false,"text":"0.025158841138972668","x":"stadium_Oriole Park at Camden Yards","xref":"x","y":"stadium_Kauffman Stadium","yref":"y"},{"font":{"color":"#FFFFFF"},"showarrow":false,"text":"0.0236839043484377","x":"stadium_PETCO Park","xref":"x","y":"stadium_Kauffman Stadium","yref":"y"},{"font":{"color":"#FFFFFF"},"showarrow":false,"text":"0.0377173571440375","x":"home_hand_LHP","xref":"x","y":"stadium_Kauffman Stadium","yref":"y"},{"font":{"color":"#FFFFFF"},"showarrow":false,"text":"0.0377173571440375","x":"home_hand_RHP","xref":"x","y":"stadium_Kauffman Stadium","yref":"y"},{"font":{"color":"#FFFFFF"},"showarrow":false,"text":"0.0","x":"away_hand_LHP","xref":"x","y":"stadium_Kauffman Stadium","yref":"y"},{"font":{"color":"#FFFFFF"},"showarrow":false,"text":"0.0","x":"away_hand_RHP","xref":"x","y":"stadium_Kauffman Stadium","yref":"y"},{"font":{"color":"#FFFFFF"},"showarrow":false,"text":"0.0","x":"winddir_In from CF","xref":"x","y":"stadium_Kauffman Stadium","yref":"y"},{"font":{"color":"#FFFFFF"},"showarrow":false,"text":"0.010586087409566897","x":"winddir_In from RF","xref":"x","y":"stadium_Kauffman Stadium","yref":"y"},{"font":{"color":"#FFFFFF"},"showarrow":false,"text":"0.018862074959583825","x":"winddir_L to R","xref":"x","y":"stadium_Kauffman Stadium","yref":"y"},{"font":{"color":"#FFFFFF"},"showarrow":false,"text":"0.0","x":"winddir_Out to CF","xref":"x","y":"stadium_Kauffman Stadium","yref":"y"},{"font":{"color":"#FFFFFF"},"showarrow":false,"text":"0.0","x":"winddir_Out to RF","xref":"x","y":"stadium_Kauffman Stadium","yref":"y"},{"font":{"color":"#FFFFFF"},"showarrow":false,"text":"0.0","x":"winddir_R to L","xref":"x","y":"stadium_Kauffman Stadium","yref":"y"},{"font":{"color":"#FFFFFF"},"showarrow":false,"text":"0.0","x":"weather_clear","xref":"x","y":"stadium_Kauffman Stadium","yref":"y"},{"font":{"color":"#FFFFFF"},"showarrow":false,"text":"0.012954252342523315","x":"weather_dome","xref":"x","y":"stadium_Kauffman Stadium","yref":"y"},{"font":{"color":"#FFFFFF"},"showarrow":false,"text":"0.0","x":"weather_drizzle","xref":"x","y":"stadium_Kauffman Stadium","yref":"y"},{"font":{"color":"#FFFFFF"},"showarrow":false,"text":"0.0","x":"weather_overcast","xref":"x","y":"stadium_Kauffman Stadium","yref":"y"},{"font":{"color":"#FFFFFF"},"showarrow":false,"text":"0.0","x":"weather_partly cloudy","xref":"x","y":"stadium_Kauffman Stadium","yref":"y"},{"font":{"color":"#FFFFFF"},"showarrow":false,"text":"0.0","x":"weather_rain","xref":"x","y":"stadium_Kauffman Stadium","yref":"y"},{"font":{"color":"#FFFFFF"},"showarrow":false,"text":"0.02335973232012929","x":"weather_roof closed","xref":"x","y":"stadium_Kauffman Stadium","yref":"y"},{"font":{"color":"#FFFFFF"},"showarrow":false,"text":"0.03197089314305649","x":"stadium_Yankee Stadium","xref":"x","y":"stadium_Fenway Park","yref":"y"},{"font":{"color":"#FFFFFF"},"showarrow":false,"text":"0.031193425328202743","x":"stadium_AT&amp;T Park","xref":"x","y":"stadium_Fenway Park","yref":"y"},{"font":{"color":"#FFFFFF"},"showarrow":false,"text":"0.030598790041338034","x":"stadium_McAfee Coliseum","xref":"x","y":"stadium_F